1947.08 202.75
1947.17 235.721
1947.25 264.15
1947.33 261.173
1947.42 226.608
1947.50 215.204
1947.58 231.208
1947.67 199.712
1947.75 209.054
1947.83 179.829
1947.92 176.43
1948.00 155.681
1948.08 134.269
1948.17 135.542
1948.25 208.146
1948.33 226.458
1948.42 195.538
1948.50 182.761
1948.58 172.831
1948.67 163.726
1948.75 159.152
1948.83 165.412
1948.92 193.33
1949.00 183.527
1949.08 220.248
1949.17 203.911
1949.25 182.544
1949.33 154.876
1949.42 157.539
1949.50 159.869
1949.58 175.155
1949.67 172.493
1949.75 178.186
1949.83 180.385
1949.92 165.204
1950.00 150.742
1950.08 143.296
1950.17 137.827
1950.25 164.389
1950.33 157.091
1950.42 128.723
1950.50 134.111
1950.58 120.882
1950.67 98.5083
1950.75 99.8857
1950.83 101.905
1950.92 101.109
1951.00 107.927
1951.08 101.838
1951.17 102.471
1951.25 127.059
1951.33 168.563
1951.42 161.745
1951.50 116.35
1951.58 109.783
1951.67 117.785
1951.75 106.019
1951.83 104.35
1951.92 102.392
1952.00 95.3909
1952.08 86.1682
1952.17 78.5238
1952.25 83.9095
1952.33 80.8214
1952.42 84.8276
1952.50 88.8097
1952.58 93.2111
1952.67 81.4538
1952.75 82.7893
1952.83 83.35
1952.92 85.665
1953.00 83.1364
1953.08 72.785
1953.17 70.3789
1953.25 80.0136
1953.33 72.4522
1953.42 72.972
1953.50 69.8276
1953.58 75.436
1953.67 74.2769
1953.75 71.8852
1953.83 71.3692
1953.92 70.7217
1954.00 68.6636
1954.08 69.1056
1954.17 71.85
1954.25 68.6704
1954.33 67.976
1954.42 67.2967
1954.50 67.74
1954.58 69.8321
1954.67 70.1
1954.75 73.12
1954.83 72.5478
1954.92 75.4346
1955.00 84.2407
1955.08 81.9577
1955.17 74.7625
1955.25 77.2536
1955.33 82.7393
1955.42 88.8286
1955.50 87.2862
1955.58 90.6321
1955.67 95.0464
1955.75 111.814
1955.83 130.007
1955.92 134.565
1956.00 141.16
1956.08 167.232
1956.17 160.6
1956.25 165.946
1956.33 163.381
1956.42 154
1956.50 162.821
1956.58 193.779
1956.67 200.91
1956.75 201.623
1956.83 250.36
1956.92 253.683
1957.00 231.22
1957.08 186.729
1957.17 197.761
1957.25 199.953
1957.33 208.527
1957.42 252.133
1957.50 218
1957.58 202.329
1957.67 267.12
1957.75 283.11
1957.83 259.217
1957.92 286.493
1958.00 251.506
1958.08 212.244
1958.17 251.552
1958.25 245.867
1958.33 218.603
1958.42 220.467
1958.50 224.065
1958.58 236.955
1958.67 243.547
1958.75 227.968
1958.83 209.223
1958.92 238.207
1959.00 274.47
1959.08 207.893
1959.17 229.174
1959.25 210.57
1959.33 212.777
1959.42 217.467
1959.50 203
1959.58 234.187
1959.67 194.33
1959.75 165.096
1959.83 184.837
1959.92 182.203
1960.00 202.563
1960.08 170.864
1960.17 146.769
1960.25 167.59
1960.33 162.703
1960.42 161.867
1960.50 163.935
1960.58 174.397
1960.67 164.493
1960.75 142.306
1960.83 148.897
1960.92 138.071
1961.00 121.948
1961.08 106.368
1961.17 104.771
1961.25 104.993
1961.33 99.3258
1961.42 109.933
1961.50 116.452
1961.58 106.232
1961.67 112.72
1961.75 96.6452
1961.83 90.38
1961.92 94.78
1962.00 94.8931
1962.08 102.175
1962.17 100.306
1962.25 96.1367
1962.33 97.829
1962.42 90.9714
1962.50 80.6571
1962.58 77.2839
1962.67 89.4467
1962.75 87.7548
1962.83 84.8138
1962.92 81.936
1963.00 79.4897
1963.08 79.6714
1963.17 77.8161
1963.25 79.3833
1963.33 87.7194
1963.42 83.5133
1963.50 75.9323
1963.58 80.8742
1963.67 85.0867
1963.75 85.0484
1963.83 81.6167
1963.92 78.39
1964.00 75.38
1964.08 76.7483
1964.17 75.8226
1964.25 72.5667
1964.33 69.4484
1964.42 69.0433
1964.50 67.029
1964.58 69.2903
1964.67 70.1367
1964.75 73.3194
1964.83 73.6867
1964.92 78.7806
1965.00 78.5484
1965.08 75.1607
1965.17 74.0839
1965.25 71.9833
1965.33 78.1516
1965.42 76.9733
1965.50 74.3484
1965.58 74.6968
1965.67 76.5167
1965.75 80.1387
1965.83 77.64
1965.92 77.7323
1966.00 87.871
1966.08 84.2071
1966.17 90.2839
1966.25 97.16
1966.33 98.529
1966.42 96.3033
1966.50 106.668
1966.58 106.597
1966.67 110.883
1966.75 108.581
1966.83 113.313
1966.92 124.574
1967.00 147.739
1967.08 147.018
1967.17 160.594
1967.25 129.883
1967.33 142.965
1967.42 120.227
1967.50 140.332
1967.58 153.739
1967.67 131.917
1967.75 136.061
1967.83 145.303
1967.92 163.042
1968.00 189.116
1968.08 173.176
1968.17 142.629
1968.25 129.483
1968.33 154.877
1968.42 142.283
1968.50 137.161
1968.58 142.168
1968.67 140.953
1968.75 152.477
1968.83 138.543
1968.92 148.435
1969.00 152.748
1969.08 155.207
1969.17 172.252
1969.25 155.497
1969.33 145.426
1969.42 162.153
1969.50 136.606
1969.58 143.023
1969.67 137.31
1969.75 154.023
1969.83 156.69
1969.92 143.635
1970.00 158.274
1970.08 175.436
1970.17 158.361
1970.25 161.993
1970.33 168.381
1970.42 154.933
1970.50 151.99
1970.58 138.21
1970.67 143.237
1970.75 148.31
1970.83 162.03
1970.92 152.755
1971.00 162.584
1971.08 137.793
1971.17 111.932
1971.25 116.67
1971.33 109.91
1971.42 101.653
1971.50 117.352
1971.58 114.068
1971.67 104.043
1971.75 107.168
1971.83 114.02
1971.92 124.542
1972.00 114.784
1972.08 141.79
1972.17 128.477
1972.25 112.893
1972.33 129.587
1972.42 135.43
1972.50 122.003
1972.58 125.726
1972.67 113.65
1972.75 121.097
1972.83 101.64
1972.92 102.9
1973.00 102.213
1973.08 98.6679
1973.17 100.387
1973.25 105.033
1973.33 96.9839
1973.42 91.2433
1973.50 84.4677
1973.58 82.8806
1973.67 105.637
1973.75 87.7323
1973.83 81.52
1973.92 84.1742
1974.00 83.0968
1974.08 80.8536
1974.17 79.2161
1974.25 86.0767
1974.33 90.6032
1974.42 86.2567
1974.50 92.4839
1974.58 82.9871
1974.67 87.7667
1974.75 97.6323
1974.83 90.2867
1974.92 81.1161
1975.00 77.4839
1975.08 74.1857
1975.17 72.3839
1975.25 70.74
1975.33 70.0677
1975.42 69.7
1975.50 77.1839
1975.58 90.3903
1975.67 79.5533
1975.75 75.7419
1975.83 80.84
1975.92 74.6032
1976.00 74.7452
1976.08 70.5483
1976.17 76.6645
1976.25 76.28
1976.33 70.6355
1976.42 70.5667
1976.50 67.5452
1976.58 74.7613
1976.67 73.0833
1976.75 75.9161
1976.83 72.8833
1976.92 76.7226
1977.00 77.4194
1977.08 82.2857
1977.17 76.5516
1977.25 77.6167
1977.33 79.6484
1977.42 91.54
1977.50 81.0548
1977.58 84.2645
1977.67 100.197
1977.75 96.9194
1977.83 93.7
1977.92 102.084
1978.00 109.574
1978.08 145.439
1978.17 141.781
1978.25 149.373
1978.33 146.494
1978.42 142.203
1978.50 131.094
1978.58 114.048
1978.67 157.897
1978.75 158.194
1978.83 151.527
1978.92 175.494
1979.00 202.99
1979.08 204.118
1979.17 185.823
1979.25 173.753
1979.33 165.197
1979.42 180.307
1979.50 165.948
1979.58 172.723
1979.67 200.237
1979.75 217.874
1979.83 231.75
1979.92 203.532
1980.00 206.165
1980.08 199.986
1980.17 168.077
1980.25 207.903
1980.33 224.026
1980.42 193.16
1980.50 184.79
1980.58 166.223
1980.67 183.857
1980.75 204.226
1980.83 218.093
1980.92 227.435
1981.00 174.565
1981.08 204.525
1981.17 205.29
1981.25 223.21
1981.33 194.632
1981.42 156.857
1981.50 191.948
1981.58 220.59
1981.67 219.497
1981.75 224.303
1981.83 207.803
1981.92 207.774
1982.00 179.035
1982.08 214.957
1982.17 210.468
1982.25 161.817
1982.33 144.655
1982.42 171.91
1982.50 159.568
1982.58 167.868
1982.67 165.293
1982.75 161.932
1982.83 167.38
1982.92 199.352
1983.00 142.29
1983.08 122.629
1983.17 118.555
1983.25 118.947
1983.33 137.074
1983.42 138.64
1983.50 125.026
1983.58 124.374
1983.67 109.033
1983.75 112.419
1983.83 92.4517
1983.92 93.4387
1984.00 116.113
1984.08 140.555
1984.17 122.029
1984.25 128.667
1984.33 128.268
1984.42 100.273
1984.50 89.2548
1984.58 83.6677
1984.67 78.07
1984.75 73.5452
1984.83 76.28
1984.92 75.8548
1985.00 74.4581
1985.08 73.6679
1985.17 73.2516
1985.25 75.14
1985.33 80.2355
1985.42 76.0767
1985.50 78.7097
1985.58 71.4806
1985.67 69.4833
1985.75 74.6839
1985.83 74.2433
1985.92 74.7742
1986.00 73.2452
1986.08 83.5821
1986.17 77.0226
1986.25 75.0567
1986.33 72.6097
1986.42 67.5933
1986.50 70.2129
1986.58 68.3742
1986.67 68.7133
1986.75 82.9516
1986.83 77.14
1986.92 72.6387
1987.00 72.5065
1987.08 71.525
1987.17 74.0097
1987.25 84.9367
1987.33 87.7806
1987.42 77.9333
1987.50 84.2484
1987.58 89.9645
1987.67 86.0833
1987.75 98.1161
1987.83 101.23
1987.92 94.4
1988.00 108.016
1988.08 104.972
1988.17 114.916
1988.25 122.69
1988.33 115.239
1988.42 139.383
1988.50 152.668
1988.58 154.21
1988.67 152.54
1988.75 169.816
1988.83 156.183
1988.92 199.79
1989.00 235.381
1989.08 222.386
1989.17 205.074
1989.25 189.563
1989.33 190.139
1989.42 239.58
1989.50 181.865
1989.58 217.094
1989.67 226.197
1989.75 208.681
1989.83 235.133
1989.92 213
1990.00 210.065
1990.08 178.304
1990.17 188.81
1990.25 185.257
1990.33 189.713
1990.42 170.94
1990.50 180.71
1990.58 222.645
1990.67 177.377
1990.75 181.977
1990.83 184.257
1990.92 204.903
1991.00 229.365
1991.08 243.011
1991.17 229.984
1991.25 198.78
1991.33 190.287
1991.42 206.823
1991.50 211.971
1991.58 210.313
1991.67 180.603
1991.75 201.316
1991.83 171.993
1991.92 223.939
1992.00 217.587
1992.08 232.079
1992.17 171.294
1992.25 158.513
1992.33 125.368
1992.42 116.72
1992.50 132.174
1992.58 122.065
1992.67 116.813
1992.75 131.677
1992.83 145.913
1992.92 139.061
1993.00 121.013
1993.08 142.586
1993.17 136.416
1993.25 115.853
1993.33 112.345
1993.42 109.333
1993.50 98.9903
1993.58 93.6581
1993.67 87.0333
1993.75 100.3
1993.83 95.9233
1993.92 104.797
1994.00 114.997
1994.08 99.5571
1994.17 90.4194
1994.25 79.11
1994.33 79.8968
1994.42 77.3033
1994.50 80.5194
1994.58 76.1161
1994.67 79.0567
1994.75 87.7129
1994.83 80.89
1994.92 84.1065
1995.00 82.6419
1995.08 85.5607
1995.17 85.0613
1995.25 77.67
1995.33 75.4677
1995.42 75.7033
1995.50 73.9065
1995.58 73.8129
1995.67 71.9667
1995.75 77.9484
1995.83 74.24
1995.92 72.5581
1996.00 74.5161
1996.08 71.5241
1996.17 70.6581
1996.25 69.3433
1996.33 70.1129
1996.42 69.57
1996.50 71.2
1996.58 72.429
1996.67 69.38
1996.75 69.1871
1996.83 78.7167
1996.92 77.771
1997.00 73.9871
1997.08 73.7536
1997.17 73.471
1997.25 74.4967
1997.33 74.5871
1997.42 71.7233
1997.50 71.1194
1997.58 79.0484
1997.67 96.1633
1997.75 84.9065
1997.83 99.5467
1997.92 98.7677
1998.00 93.3613
1998.08 93.3679
1998.17 109.1
1998.25 108.263
1998.33 106.697
1998.42 108.393
1998.50 113.994
1998.58 136.013
1998.67 138.29
1998.75 117.281
1998.83 140.17
1998.92 150.132
1999.00 142.642
1999.08 142.021
1999.17 126.287
1999.25 117.22
1999.33 148.639
1999.42 175.163
1999.50 165.558
1999.58 170.768
1999.67 135.727
1999.75 164.823
1999.83 191.54
1999.92 169.797
2000.00 158.132
2000.08 173.241
2000.17 208.155
2000.25 184.163
2000.33 184.529
2000.42 179.803
2000.50 204.687
2000.58 163.094
2000.67 182.057
2000.75 167.726
2000.83 178.817
2000.92 173.623
2001.00 166.623
2001.08 146.661
2001.17 177.69
2001.25 178.073
2001.33 147.903
2001.42 173.707
2001.50 131.319
2001.58 163.106
2001.67 233.837
2001.75 208.055
2001.83 212.677
2001.92 235.574
2002.00 227.274
2002.08 205.039
2002.17 180.255
2002.25 189.827
2002.33 178.423
2002.42 148.697
2002.50 174.994
2002.58 183.919
2002.67 175.84
2002.75 166.984
2002.83 168.713
2002.92 157.158
2003.00 144
2003.08 124.514
2003.17 132.216
2003.25 126.27
2003.33 116.181
2003.42 129.347
2003.50 127.684
2003.58 122.094
2003.67 112.24
2003.75 151.268
2003.83 140.79
2003.92 115.006
2004.00 114.103
2004.08 106.99
2004.17 112.045
2004.25 101.22
2004.33 99.8
2004.42 97.41
2004.50 118.526
2004.58 109.997
2004.67 103.023
2004.75 105.861
2004.83 113.67
2004.92 95.0484
2005.00 102.245
2005.08 97.2071
2005.17 89.8968
2005.25 85.9867
2005.33 99.5355
2005.42 93.67
2005.50 96.4645
2005.58 90.5323
2005.67 91.0933
2005.75 76.6161
2005.83 86.25
2005.92 90.7452
2006.00 83.4097
2006.08 76.5393
2006.17 75.4677
2006.25 89.0033
2006.33 80.8903
2006.42 76.53
2006.50 75.8129
2006.58 79.4226
2006.67 77.7833
2006.75 74.2806
2006.83 86.31
2006.92 84.5032
2007.00 83.4742
2007.08 77.6893
2007.17 72.2323
2007.25 72.3833
2007.33 74.4161
2007.42 73.67
2007.50 71.629
2007.58 69.1355
2007.67 67.0167
2007.75 67.5419
2007.83 69.58
2007.92 78.5387
2008.00 74.3065
2008.08 71.1464
2008.17 72.8774
2008.25 70.1867
2008.33 68.3774
2008.42 65.9233
2008.50 65.6677
2008.58 66.329
2008.67 67.14
2008.75 68.2839
2008.83 68.59
2008.92 69.1733
2009.00 69.8161
2009.08 69.9571
2009.17 69.2387
2009.25 69.75
2009.33 70.5387
2009.42 68.5967
2009.50 68.2065
2009.58 67.3516
2009.67 70.46
2009.75 72.3258
2009.83 73.63
2009.92 76.7516
2010.00 81.0839
2010.08 84.7036
2010.17 83.3903
2010.25 75.9267
2010.33 73.7742
2010.42 72.4867
2010.50 79.8161
2010.58 79.4968
2010.67 81.08
2010.75 81.6968
2010.83 82.4867
2010.92 84.2161
2011.00 83.4067
2011.08 94.575
2011.17 115.871
2011.25 112.59
2011.33 95.8355
2011.42 95.82
2011.50 94.1419
2011.58 101.774
2011.67 134.507
2011.75 137.248
2011.83 153.147
2011.92 141.281
2012.00 133.187
2012.08 106.852
2012.17 115.039
2012.25 113.117
2012.33 121.535
2012.42 120.903
2012.50 136.135
2012.58 115.719
2012.67 123.08
2012.75 123.294
2012.83 120.997
2012.92 108.394
2013.00 127.116
2013.08 104.293
2013.17 111.3
2013.25 125.17
2013.33 131.368
2013.42 110.19
2013.50 115.526
2013.58 115.487
2013.67 102.62
2013.75 132.497
2013.83 148.353
2013.92 147.706
2014.00 160.155
2014.08 170.279
2014.17 149.913
2014.25 144.253
2014.33 130.252
2014.42 122.173
2014.50 137.384
2014.58 125.229
2014.67 147.747
2014.75 155.145
2014.83 154.7
2014.92 158.91
2015.00 141.563
2015.08 128.9
2015.17 126.368
2015.25 129.063
2015.33 119.977
2015.42 126.81
2015.50 107.045
2015.58 106.51
2015.67 102.023
2015.75 104.058
2015.83 109.52
2015.92 112.713
2016.00 103.445
2016.08 103.555
2016.17 91.5097
2016.25 93.44
2016.33 93.1871
2016.42 81.9067
2016.50 85.9742
2016.58 84.9774
2016.67 87.74
2016.75 86.0935
2016.83 78.5967
2016.92 75.129
2017.00 77.3258
2017.08 76.8571
2017.17 74.6129
2017.25 81.0767
2017.33 73.5613
2017.42 74.7133
2017.50 77.629
2017.58 77.9258
2017.67 93.3633
2017.75 76.4065
2017.83 72.2033
2018.00 70.01
2018.08 71.63
2018.17 68.26
2018.25 69.97
2018.33 70.95
2018.42 72.66
2018.50 69.61
2018.58 69.05
2018.67 68.17
2018.75 69.56
2018.83 69.02
2018.92 70.05
2019.00 71.58
2019.08 70.59
2019.17 71.52
2019.25 72.47
2019.33 71.32
2019.42 68.13
2019.50 67.25
2019.58 67.05
2019.67 68.00
2019.75 67.46
2019.83 70.18
2019.92 70.93
2020.00 72.32
2020.08 70.90
2020.17 70.19
2020.25 69.56
2020.33 69.21
2020.42 69.70
2020.50 69.47
2020.58 71.66
2020.67 70.56
2020.75 74.59
2020.83 90.11
2020.92 87.28
2021.00 76.07
2021.08 73.63
2021.17 75.15
2021.25 74.74
2021.33 75.64
2021.42 79.81
2021.50 80.97
2021.58 77.93
2021.67 87.40
2021.75 90.30
2021.83 86.92
2021.92 102.94
2022.00 104.05
2022.08 109.15
2022.17 117.79
2022.25 130.63
2022.33 133.98
2022.42 115.81
2022.50 125.62
2022.58 118.13
2022.67 134.69
2022.75 132.84
2022.83 123.56
2022.92 148.46
2023.00 182.47
2023.08 172.09
2023.17 157.53
2023.25 145.86
2023.33 156.04
2023.42 162.39
2023.50 177.53
2023.58 153.92
2023.67 155.74
2023.75 141.59
2023.83 154.36
2023.92 159.28
2024.00 163.99
2024.08 173.28
2024.17 155.19
2024.25 161.70
2024.33 188.37
2024.42 185.06
2024.50 198.63
2024.58 245.60
2024.67 196.71
2024.75 222.62
2024.83 199.95
2024.92 196.90
2025.00 189.39
2025.08 184.31
2025.17 163.78
2025.25 162.21
2025.33 135.25
2025.42 131.45
2025.50 137.72
2025.58 156.11
2025.67 153.93
2025.75 139.68
2025.83 141.63
2025.92 160.13
