ACS3
1 59588U 24077B   26035.43070090  .00020037  00000+0  16613-1 0  9993
2 59588  97.2258 344.0181 0045447 182.5649 177.5288 13.88211962 89589
AO-7
1 07530U 74089B   26035.53378921 -.00000051  00000+0 -27684-4 0  9995
2 07530 101.9970  47.3681 0012285  25.5894 102.6364 12.53695619343890
AO-27
1 22825U 93061C   26035.14276677  .00000140  00000+0  70292-4 0  9992
2 22825  98.7054 102.5152 0009284 127.0285 233.1748 14.30901115687978
AO-73
1 39444U 13066AE  26035.52065414  .00011919  00000+0  78310-3 0  9995
2 39444  97.8141   4.5264 0036260 296.4127  63.3380 15.07226041659668
AO-95
1 43770U 18099N   26035.15575996  .00013894  00000+0  58419-3 0  9995
2 43770  97.4583  96.0741 0010600  96.2891 263.9553 15.23474362392945
AO-123
1 61781U 24199AY  26035.53714481  .00011276  00000+0  35103-3 0  9998
2 61781  97.3199 265.4353 0015929  66.2635 294.0276 15.33327521113585
CAS-9
1 50466U 21131B   26035.52693569  .00000774  00000+0  25345-3 0  9999
2 50466  98.5002 128.6692 0005020 128.7952 231.3686 14.41204901216006
CO-55
1 27844U 03031E   26035.47504015  .00000411  00000+0  19698-3 0  9995
2 27844  98.6773  45.6893 0009098 205.2252 154.8484 14.24236931172780
CO-65
1 32785U 08021C   26035.53880056  .00007593  00000+0  49868-3 0  9998
2 32785  97.8161  14.4430 0010977 114.6691 245.5680 15.07871803965197
FO-29
1 24278U 96046B   26035.52489897 -.00000005  00000+0  27668-4 0  9994
2 24278  98.5425 262.4239 0350870  80.6599 283.4030 13.53266471455222
FOX-1B
1 43017U 17073E   26035.14134106  .00009516  00000+0  43437-3 0  9993
2 43017  97.4902 265.1546 0159281  67.3119 294.4862 15.10105010445293
GO-32
1 25397U 98043D   26035.51450147  .00000099  00000+0  63046-4 0  9993
2 25397  98.9982  24.9853 0000649 186.3151 173.8019 14.24396210432446
HADES-R
1 62690U 25009CK  26032.99082620  .05664363  23962-5  28116-2 0  9998
2 62690  97.3536 123.7794 0009922 302.1245  57.9081 16.20799086 58843
HOPE-1
1 36122U 09072B   26035.54926350 -.00000154  00000+0 -28632-3 0  9997
2 36122 100.3860 351.6047 0007441 172.3489 187.7739 13.16433416775553
ISAT
1 43879U 18111D   26035.32566273  .00053173  00000+0  10444-2 0  9996
2 43879  97.5911 322.3706 0009058  73.5362 286.6882 15.47098314390516
ISS
1 25544U 98067A   26035.34041750  .00009876  00000+0  19091-3 0  9992
2 25544  51.6311 237.2151 0011114  63.0955 297.1168 15.48385070551169
JO-97
1 43803U 18099AX  26035.12717976  .00019869  00000+0  70688-3 0  9995
2 43803  97.4326  97.8232 0006704  34.3465 325.8207 15.28989632393267
JPSS-1
1 43013U 17073A   26035.48879520  .00000102  00000+0  69496-4 0  9998
2 43013  98.7657 336.2137 0000484  14.4013 345.7176 14.19526853425647
LILACSAT
1 40908U 15049K   26035.53413882  .00018387  00000+0  36842-3 0  9992
2 40908  97.4853  67.6313 0008217  27.3960 332.7721 15.46749268575217
LO-19
1 20442U 90005G   26035.47987557  .00000176  00000+0  79859-4 0  9999
2 20442  98.8950  53.5657 0010745 232.0913 127.9300 14.34073354883376
LO-74
1 39440U 13066AA  26035.38270924  .00005055  00000+0  48029-3 0  9997
2 39440  97.8773 344.0266 0060592 107.0425 253.7444 14.92547354657178
Moon
1     1U     1A   26035.68548611  .00000000  00000-0  0000000 0  0010
2     1  28.3002 356.0567 0362000  80.1477  90.0458  0.03660000    10
NO-44
1 26931U 01043C   26035.52025145  .00000182  00000+0  98981-4 0  9998
2 26931  67.0488 227.3952 0007044 266.4686  93.5610 14.31892240271456
PO-101
1 43678U 18084H   26035.49891243  .00003036  00000+0  25057-3 0  9998
2 43678  98.1068 226.1713 0008265 230.6036 129.4455 14.99796566396320
QO-100
1 43700U 18090A   26035.20601145  .00000000  00000+0  00000+0 0  9995
2 43700   0.0147 118.5802 0002377 240.3820 235.3563  1.00269623 26342
ROBUSTA-
1 60243U 24128J   26035.48194829  .00011359  00000+0  69553-3 0  9992
2 60243  61.9885 316.7688 0054502 101.6233 259.0986 15.09388438 86377
RS30
1 32953U 08025A   26035.55069637  .00000121  00000+0  79902-3 0  9997
2 32953  82.4993  77.9501 0018480 238.7913 121.1356 12.43175007803215
RS38S
1 57189U 23091Z   26035.51927274  .00019527  00000+0  64379-3 0  9993
2 57189  97.5267 102.6837 0008074 175.8379 184.2930 15.31460858144359
RS-44
1 44909U 19096E   26035.49019218  .00000017  00000+0  16217-4 0  9999
2 44909  82.5171  67.8867 0218631  94.6419 267.9688 12.79746769285377
SO-50
1 27607U 02058C   26035.50070919  .00002087  00000+0  26455-3 0  9995
2 27607  64.5527 179.4038 0074281 286.6894  72.6068 14.82644589244785
SONATE-2
1 59112U 24043Q   26035.34716772  .00034126  00000+0  63531-3 0  9990
2 59112  97.5359 178.7524 0008252 334.0955  25.9881 15.48751656107265
SPARROW
1 43881U 18111F   26035.34948182  .00060597  00000+0  10710-2 0  9998
2 43881  97.6109 326.5086 0008101  96.4066 263.8107 15.50105497390656
STRAND-1
1 39090U 13009E   26035.49207278  .00000442  00000+0  16335-3 0  9999
2 39090  98.3853 219.0146 0007577 267.4528  92.5791 14.37063574678006
SWISSCUB
1 35932U 09051B   26035.28888131  .00001585  00000+0  32475-3 0  9994
2 35932  98.4132 300.8347 0005534 268.2904  91.7663 14.62159005869732
TECHNOSA
1 42829U 17042E   26035.43121043  .00004704  00000+0  34388-3 0  9996
2 42829  97.4096 198.3577 0017910 181.4296 178.6882 15.03958050466744
TIANHE
1 48274U 21035A   26035.48786892  .00016594  00000+0  20945-3 0  9991
2 48274  41.4675  49.9559 0005892 357.7325   2.3485 15.59177353272426
UKUBE-1
1 40074U 14037F   26035.51502258  .00011467  00000+0  68987-3 0  9993
2 40074  98.4197  25.1335 0000580 135.9519 224.1754 15.11032693628507
UMKA_1
1 57172U 23091G   26035.44428605  .00008315  00000+0  39890-3 0  9994
2 57172  97.5246  94.6845 0012391 217.5906 142.4463 15.19073763143845
UNISAT-6
1 40012U 14033C   26035.37555242  .00005589  00000+0  61250-3 0  9990
2 40012  97.7668 190.6472 0046470 145.1746 215.2526 14.87347996626410
UO-11
1 14781U 84021B   26035.44147736  .00002311  00000+0  24305-3 0  9991
2 14781  97.7893   2.6671 0006030 262.2344  97.8190 14.90376152237352
